- File.version: '1.0'
- Camera.type: PinHole
- Camera1.fx: 532.6705473226601
- Camera1.fy: 532.1550199985952
- Camera1.cx: 644.1908454292623
- Camera1.cy: 363.13275822819526
- Camera1.k1: -0.04346185407114724
- Camera1.k2: -0.0304694565793552
- Camera1.p1: 0.00018878902723133
- Camera1.p2: 0.00164609633216517
- Camera1.k3: 0.00666543232313423
- Camera.fps: 14
- Camera.RGB: 1
- Camera.width: 1280
- Camera.height: 510
- ORBextractor.nFeatures: 1200
- ORBextractor.scaleFactor: 1.2
- ORBextractor.nLevels: 10
- ORBextractor.iniThFAST: 18
- ORBextractor.minThFAST: 7
- Viewer.KeyFrameSize: 0.05
- Viewer.KeyFrameLineWidth: 1.0
